2 2
5 2
2
100
1 2 100 N
1 4 50 N
1 16 25 S
16 54 12 N
16 88 6 N
16 68 3 S
78 79 1 S
1 80 0 N
50
1 2 50 N
1 4 25 S
4 16 12 N
4 54 6 N
4 88 3 S
49 68 1 S
100 79 0 N
20
1 2 20 N
1 4 10 N
1 16 5 S
16 54 2 N
16 88 1 S
95 68 0 N
PRIMO
---
2 4
7 1
2
112
1 2 112 N
1 4 56 N
1 16 28 N
1 30 14 N
1 109 7 S
109 16 3 S
49 30 1 S
1 109 0 N
56
1 2 56 N
1 4 28 N
1 16 14 N
1 30 7 S
30 109 3 S
106 16 1 S
1 30 0 N
3
112
1 3 112 N
1 9 56 N
1 81 28 N
1 7 14 N
1 49 7 S
49 28 3 S
16 106 1 S
1 49 0 N
56
1 3 56 N
1 9 28 N
1 81 14 N
1 7 7 S
7 49 3 S
4 28 1 S
112 106 0 N
16
1 3 16 N
1 9 8 N
1 81 4 N
1 7 2 N
1 49 1 S
49 28 0 N
PRIMO
---
