2 1
3 1
17 1
2
102
1 2 102 N
1 4 51 S
4 16 25 S
64 50 12 N
64 28 6 N
64 63 3 S
15 55 1 S
1 38 0 N
51
1 2 51 S
2 4 25 S
8 16 12 N
8 50 6 N
8 28 3 S
18 63 1 S
1 55 0 N
34
1 2 34 N
1 4 17 S
4 16 8 N
4 50 4 N
4 28 2 N
4 63 1 S
46 55 0 N
6
1 2 6 N
1 4 3 S
4 16 1 S
64 50 0 N
3
102
1 3 102 N
1 9 51 S
9 81 25 S
8 72 12 N
8 34 6 N
8 23 3 S
81 14 1 S
1 93 0 N
51
1 3 51 S
3 9 25 S
27 81 12 N
27 72 6 N
27 34 3 S
94 23 1 S
102 14 0 N
PRIMO
---
2 2
3 3
2
108
1 2 108 N
1 4 54 N
1 16 27 S
16 38 13 S
63 27 6 N
63 75 3 S
38 66 1 S
1 105 0 N
54
1 2 54 N
1 4 27 S
4 16 13 S
64 38 6 N
64 27 3 S
93 75 1 S
108 66 0 N
36
1 2 36 N
1 4 18 N
1 16 9 S
16 38 4 N
16 27 2 N
16 75 1 S
1 66 0 N
3
108
1 3 108 N
1 9 54 N
1 81 27 S
81 21 13 S
66 5 6 N
66 25 3 S
15 80 1 S
1 78 0 N
36
1 3 36 N
1 9 18 N
1 81 9 S
81 21 4 N
81 5 2 N
81 25 1 S
63 80 0 N
PRIMO
---
